wedge 0
Patch 
836175
220001
77575
220001
Superpoint 
1 0.0051 5 7.7575
1 0.0053 5 9.3396
1 0.0416 5 10.3249
1 0.0292 5 10.6578
1 0.0192 5 12.0573
1 0.0318 5 12.6870
1 0.0284 5 13.0042
1 0.0245 5 13.4613
1 0.0062 5 13.8115
1 0.0025 5 13.8798
1 0.0244 5 13.9998
1 0.0246 5 15.2130
1 0.0235 5 16.0150
1 0.0370 5 16.8733
1 0.0201 5 21.2824
1 0.0030 5 22.0001
Superpoint 
2 0.0187 10 -2.0919
2 0.0037 10 -1.8017
2 0.0091 10 1.0877
2 0.0392 10 2.2852
2 0.0305 10 3.4273
2 0.0058 10 7.5360
2 0.0106 10 8.4920
2 0.0192 10 8.8202
2 0.0017 10 8.9900
2 0.0233 10 9.5295
2 0.0059 10 13.0028
2 0.0343 10 16.4208
2 0.0064 10 20.8630
2 0.0389 10 22.8655
2 0.0444 10 27.9677
2 0.0004 10 29.0001
Superpoint 
3 0.0394 15 5.5477
3 0.0380 15 8.0854
3 0.0366 15 12.4944
3 0.0175 15 17.9387
3 0.0090 15 21.2809
3 0.0060 15 23.4641
3 0.0308 15 24.3188
3 0.0056 15 24.8976
3 0.0089 15 28.0846
3 0.0480 15 29.8702
3 0.0456 15 31.6089
3 0.0485 15 31.6517
3 0.0467 15 34.2818
3 0.0222 15 34.8173
3 0.0391 15 35.7869
3 0.0214 15 36.0001
Superpoint 
4 0.0259 20 18.3618
4 0.0170 20 20.4960
4 0.0360 20 22.7476
4 0.0051 20 25.2604
4 0.0258 20 28.9868
4 0.0282 20 30.2763
4 0.0050 20 31.3355
4 0.0205 20 31.9860
4 0.0243 20 33.7972
4 0.0237 20 37.3688
4 0.0207 20 39.0345
4 0.0291 20 39.0966
4 0.0076 20 40.2413
4 0.0436 20 42.1412
4 0.0116 20 42.4328
4 0.0282 20 43.0001
Superpoint 
5 0.0173 25 -20.8228
5 0.0035 25 -19.2292
5 0.0445 25 -18.1842
5 0.0038 25 -17.0298
5 0.0275 25 -12.5635
5 0.0271 25 -4.5298
5 0.0334 25 -2.0764
5 0.0427 25 4.8527
5 0.0107 25 8.9563
5 0.0027 25 16.7596
5 0.0169 25 21.0135
5 0.0444 25 35.2649
5 0.0251 25 40.4051
5 0.0190 25 45.2831
5 0.0445 25 45.9291
5 0.0377 25 50.0001
Patch 
77575
220001
77575
-765528
Superpoint 
1 0.0051 5 7.7575
1 0.0053 5 9.3396
1 0.0416 5 10.3249
1 0.0292 5 10.6578
1 0.0192 5 12.0573
1 0.0318 5 12.6870
1 0.0284 5 13.0042
1 0.0245 5 13.4613
1 0.0062 5 13.8115
1 0.0025 5 13.8798
1 0.0244 5 13.9998
1 0.0246 5 15.2130
1 0.0235 5 16.0150
1 0.0370 5 16.8733
1 0.0201 5 21.2824
1 0.0030 5 22.0001
Superpoint 
2 0.0187 10 -2.0919
2 0.0037 10 -1.8017
2 0.0091 10 1.0877
2 0.0392 10 2.2852
2 0.0305 10 3.4273
2 0.0058 10 7.5360
2 0.0106 10 8.4920
2 0.0192 10 8.8202
2 0.0017 10 8.9900
2 0.0233 10 9.5295
2 0.0059 10 13.0028
2 0.0343 10 16.4208
2 0.0064 10 20.8630
2 0.0389 10 22.8655
2 0.0444 10 27.9677
2 0.0004 10 29.0001
Superpoint 
3 0.0347 15 1.3146
3 0.0104 15 3.7657
3 0.0394 15 5.5477
3 0.0380 15 8.0854
3 0.0366 15 12.4944
3 0.0175 15 17.9387
3 0.0090 15 21.2809
3 0.0060 15 23.4641
3 0.0308 15 24.3188
3 0.0056 15 24.8976
3 0.0089 15 28.0846
3 0.0480 15 29.8702
3 0.0456 15 31.6089
3 0.0485 15 31.6517
3 0.0467 15 34.2818
3 0.0222 15 34.8173
Superpoint 
4 0.0377 20 -0.6032
4 0.0442 20 -0.5583
4 0.0210 20 0.6453
4 0.0203 20 1.1718
4 0.0258 20 1.4551
4 0.0433 20 1.9451
4 0.0219 20 4.2221
4 0.0165 20 4.8793
4 0.0307 20 5.4367
4 0.0419 20 7.5691
4 0.0171 20 9.2260
4 0.0406 20 9.8882
4 0.0124 20 12.9695
4 0.0109 20 16.1959
4 0.0189 20 17.3537
4 0.0259 20 18.3618
Superpoint 
5 0.0173 25 -20.8228
5 0.0035 25 -19.2292
5 0.0445 25 -18.1842
5 0.0038 25 -17.0298
5 0.0275 25 -12.5635
5 0.0271 25 -4.5298
5 0.0334 25 -2.0764
5 0.0427 25 4.8527
5 0.0107 25 8.9563
5 0.0027 25 16.7596
5 0.0169 25 21.0135
5 0.0444 25 35.2649
5 0.0251 25 40.4051
5 0.0190 25 45.2831
5 0.0445 25 45.9291
5 0.0377 25 50.0001
Patch 
0
0
0
0
Superpoint 
1 0.0051 5 7.7575
1 0.0053 5 9.3396
1 0.0416 5 10.3249
1 0.0292 5 10.6578
1 0.0192 5 12.0573
1 0.0318 5 12.6870
1 0.0284 5 13.0042
1 0.0245 5 13.4613
1 0.0062 5 13.8115
1 0.0025 5 13.8798
1 0.0244 5 13.9998
1 0.0246 5 15.2130
1 0.0235 5 16.0150
1 0.0370 5 16.8733
1 0.0201 5 21.2824
1 0.0030 5 22.0001
Superpoint 
2 0.0228 10 -6.3200
2 0.0006 10 -4.5292
2 0.0090 10 -2.9885
2 0.0053 10 -2.2673
2 0.0187 10 -2.0919
2 0.0037 10 -1.8017
2 0.0091 10 1.0877
2 0.0392 10 2.2852
2 0.0305 10 3.4273
2 0.0058 10 7.5360
2 0.0106 10 8.4920
2 0.0192 10 8.8202
2 0.0017 10 8.9900
2 0.0233 10 9.5295
2 0.0059 10 13.0028
2 0.0343 10 16.4208
Superpoint 
3 0.0226 15 -23.9513
3 0.0272 15 -19.8284
3 0.0234 15 -18.8806
3 0.0179 15 -15.0873
3 0.0089 15 -12.1296
3 0.0348 15 -10.4667
3 0.0386 15 -4.5654
3 0.0028 15 -2.5385
3 0.0339 15 -1.3806
3 0.0203 15 -0.3939
3 0.0373 15 0.1613
3 0.0347 15 1.3146
3 0.0104 15 3.7657
3 0.0394 15 5.5477
3 0.0380 15 8.0854
3 0.0366 15 12.4944
Superpoint 
4 0.0407 20 -19.1668
4 0.0093 20 -18.9576
4 0.0105 20 -18.5060
4 0.0118 20 -13.7995
4 0.0146 20 -7.8842
4 0.0048 20 -7.3619
4 0.0150 20 -7.3349
4 0.0456 20 -3.3124
4 0.0394 20 -2.0685
4 0.0377 20 -0.6032
4 0.0442 20 -0.5583
4 0.0210 20 0.6453
4 0.0203 20 1.1718
4 0.0258 20 1.4551
4 0.0433 20 1.9451
4 0.0219 20 4.2221
Superpoint 
5 0.0443 25 -38.2227
5 0.0144 25 -37.2747
5 0.0408 25 -35.4520
5 0.0208 25 -33.2161
5 0.0381 25 -30.5240
5 0.0128 25 -29.0070
5 0.0281 25 -28.5596
5 0.0344 25 -25.9870
5 0.0418 25 -21.7791
5 0.0173 25 -20.8228
5 0.0035 25 -19.2292
5 0.0445 25 -18.1842
5 0.0038 25 -17.0298
5 0.0275 25 -12.5635
5 0.0271 25 -4.5298
5 0.0334 25 -2.0764
Patch 
785293
77575
-26882
77575
Superpoint 
1 0.0411 5 -2.6882
1 0.0064 5 -0.8870
1 0.0022 5 0.0435
1 0.0185 5 0.2073
1 0.0297 5 1.3430
1 0.0184 5 1.3890
1 0.0471 5 2.2033
1 0.0162 5 2.3970
1 0.0416 5 4.8840
1 0.0482 5 5.7971
1 0.0156 5 6.0867
1 0.0459 5 6.2675
1 0.0050 5 7.1100
1 0.0032 5 7.4470
1 0.0054 5 7.6208
1 0.0051 5 7.7575
Superpoint 
2 0.0006 10 -4.5292
2 0.0090 10 -2.9885
2 0.0053 10 -2.2673
2 0.0187 10 -2.0919
2 0.0037 10 -1.8017
2 0.0091 10 1.0877
2 0.0392 10 2.2852
2 0.0305 10 3.4273
2 0.0058 10 7.5360
2 0.0106 10 8.4920
2 0.0192 10 8.8202
2 0.0017 10 8.9900
2 0.0233 10 9.5295
2 0.0059 10 13.0028
2 0.0343 10 16.4208
2 0.0064 10 20.8630
Superpoint 
3 0.0028 15 -2.5385
3 0.0339 15 -1.3806
3 0.0203 15 -0.3939
3 0.0373 15 0.1613
3 0.0347 15 1.3146
3 0.0104 15 3.7657
3 0.0394 15 5.5477
3 0.0380 15 8.0854
3 0.0366 15 12.4944
3 0.0175 15 17.9387
3 0.0090 15 21.2809
3 0.0060 15 23.4641
3 0.0308 15 24.3188
3 0.0056 15 24.8976
3 0.0089 15 28.0846
3 0.0480 15 29.8702
Superpoint 
4 0.0124 20 12.9695
4 0.0109 20 16.1959
4 0.0189 20 17.3537
4 0.0259 20 18.3618
4 0.0170 20 20.4960
4 0.0360 20 22.7476
4 0.0051 20 25.2604
4 0.0258 20 28.9868
4 0.0282 20 30.2763
4 0.0050 20 31.3355
4 0.0205 20 31.9860
4 0.0243 20 33.7972
4 0.0237 20 37.3688
4 0.0207 20 39.0345
4 0.0291 20 39.0966
4 0.0076 20 40.2413
Superpoint 
5 0.0173 25 -20.8228
5 0.0035 25 -19.2292
5 0.0445 25 -18.1842
5 0.0038 25 -17.0298
5 0.0275 25 -12.5635
5 0.0271 25 -4.5298
5 0.0334 25 -2.0764
5 0.0427 25 4.8527
5 0.0107 25 8.9563
5 0.0027 25 16.7596
5 0.0169 25 21.0135
5 0.0444 25 35.2649
5 0.0251 25 40.4051
5 0.0190 25 45.2831
5 0.0445 25 45.9291
5 0.0377 25 50.0001
Patch 
-26882
77575
-26882
-981220
Superpoint 
1 0.0411 5 -2.6882
1 0.0064 5 -0.8870
1 0.0022 5 0.0435
1 0.0185 5 0.2073
1 0.0297 5 1.3430
1 0.0184 5 1.3890
1 0.0471 5 2.2033
1 0.0162 5 2.3970
1 0.0416 5 4.8840
1 0.0482 5 5.7971
1 0.0156 5 6.0867
1 0.0459 5 6.2675
1 0.0050 5 7.1100
1 0.0032 5 7.4470
1 0.0054 5 7.6208
1 0.0051 5 7.7575
Superpoint 
2 0.0006 10 -4.5292
2 0.0090 10 -2.9885
2 0.0053 10 -2.2673
2 0.0187 10 -2.0919
2 0.0037 10 -1.8017
2 0.0091 10 1.0877
2 0.0392 10 2.2852
2 0.0305 10 3.4273
2 0.0058 10 7.5360
2 0.0106 10 8.4920
2 0.0192 10 8.8202
2 0.0017 10 8.9900
2 0.0233 10 9.5295
2 0.0059 10 13.0028
2 0.0343 10 16.4208
2 0.0064 10 20.8630
Superpoint 
3 0.0348 15 -10.4667
3 0.0386 15 -4.5654
3 0.0028 15 -2.5385
3 0.0339 15 -1.3806
3 0.0203 15 -0.3939
3 0.0373 15 0.1613
3 0.0347 15 1.3146
3 0.0104 15 3.7657
3 0.0394 15 5.5477
3 0.0380 15 8.0854
3 0.0366 15 12.4944
3 0.0175 15 17.9387
3 0.0090 15 21.2809
3 0.0060 15 23.4641
3 0.0308 15 24.3188
3 0.0056 15 24.8976
Superpoint 
4 0.0150 20 -7.3349
4 0.0456 20 -3.3124
4 0.0394 20 -2.0685
4 0.0377 20 -0.6032
4 0.0442 20 -0.5583
4 0.0210 20 0.6453
4 0.0203 20 1.1718
4 0.0258 20 1.4551
4 0.0433 20 1.9451
4 0.0219 20 4.2221
4 0.0165 20 4.8793
4 0.0307 20 5.4367
4 0.0419 20 7.5691
4 0.0171 20 9.2260
4 0.0406 20 9.8882
4 0.0124 20 12.9695
Superpoint 
5 0.0173 25 -20.8228
5 0.0035 25 -19.2292
5 0.0445 25 -18.1842
5 0.0038 25 -17.0298
5 0.0275 25 -12.5635
5 0.0271 25 -4.5298
5 0.0334 25 -2.0764
5 0.0427 25 4.8527
5 0.0107 25 8.9563
5 0.0027 25 16.7596
5 0.0169 25 21.0135
5 0.0444 25 35.2649
5 0.0251 25 40.4051
5 0.0190 25 45.2831
5 0.0445 25 45.9291
5 0.0377 25 50.0001
Patch 
0
0
0
0
Superpoint 
1 0.0411 5 -2.6882
1 0.0064 5 -0.8870
1 0.0022 5 0.0435
1 0.0185 5 0.2073
1 0.0297 5 1.3430
1 0.0184 5 1.3890
1 0.0471 5 2.2033
1 0.0162 5 2.3970
1 0.0416 5 4.8840
1 0.0482 5 5.7971
1 0.0156 5 6.0867
1 0.0459 5 6.2675
1 0.0050 5 7.1100
1 0.0032 5 7.4470
1 0.0054 5 7.6208
1 0.0051 5 7.7575
Superpoint 
2 0.0195 10 -16.5424
2 0.0065 10 -15.9853
2 0.0289 10 -15.1618
2 0.0273 10 -14.6153
2 0.0023 10 -12.2356
2 0.0441 10 -8.0268
2 0.0228 10 -6.3200
2 0.0006 10 -4.5292
2 0.0090 10 -2.9885
2 0.0053 10 -2.2673
2 0.0187 10 -2.0919
2 0.0037 10 -1.8017
2 0.0091 10 1.0877
2 0.0392 10 2.2852
2 0.0305 10 3.4273
2 0.0058 10 7.5360
Superpoint 
3 0.0214 15 -36.0001
3 0.0413 15 -31.1575
3 0.0185 15 -30.5511
3 0.0027 15 -26.8942
3 0.0299 15 -24.8482
3 0.0226 15 -23.9513
3 0.0272 15 -19.8284
3 0.0234 15 -18.8806
3 0.0179 15 -15.0873
3 0.0089 15 -12.1296
3 0.0348 15 -10.4667
3 0.0386 15 -4.5654
3 0.0028 15 -2.5385
3 0.0339 15 -1.3806
3 0.0203 15 -0.3939
3 0.0373 15 0.1613
Superpoint 
4 0.0426 20 -37.3143
4 0.0423 20 -36.9332
4 0.0301 20 -34.5884
4 0.0033 20 -34.1793
4 0.0082 20 -30.3962
4 0.0276 20 -28.9372
4 0.0233 20 -22.3178
4 0.0048 20 -20.7579
4 0.0407 20 -19.1668
4 0.0093 20 -18.9576
4 0.0105 20 -18.5060
4 0.0118 20 -13.7995
4 0.0146 20 -7.8842
4 0.0048 20 -7.3619
4 0.0150 20 -7.3349
4 0.0456 20 -3.3124
Superpoint 
5 0.0255 25 -39.8366
5 0.0443 25 -38.2227
5 0.0144 25 -37.2747
5 0.0408 25 -35.4520
5 0.0208 25 -33.2161
5 0.0381 25 -30.5240
5 0.0128 25 -29.0070
5 0.0281 25 -28.5596
5 0.0344 25 -25.9870
5 0.0418 25 -21.7791
5 0.0173 25 -20.8228
5 0.0035 25 -19.2292
5 0.0445 25 -18.1842
5 0.0038 25 -17.0298
5 0.0275 25 -12.5635
5 0.0271 25 -4.5298
Patch 
0
0
0
0
Superpoint 
1 0.0411 5 -2.6882
1 0.0064 5 -0.8870
1 0.0022 5 0.0435
1 0.0185 5 0.2073
1 0.0297 5 1.3430
1 0.0184 5 1.3890
1 0.0471 5 2.2033
1 0.0162 5 2.3970
1 0.0416 5 4.8840
1 0.0482 5 5.7971
1 0.0156 5 6.0867
1 0.0459 5 6.2675
1 0.0050 5 7.1100
1 0.0032 5 7.4470
1 0.0054 5 7.6208
1 0.0051 5 7.7575
Superpoint 
2 0.0188 10 -28.3644
2 0.0359 10 -26.7947
2 0.0276 10 -26.3994
2 0.0262 10 -26.0953
2 0.0386 10 -23.9491
2 0.0350 10 -23.2679
2 0.0168 10 -18.7752
2 0.0195 10 -16.5424
2 0.0065 10 -15.9853
2 0.0289 10 -15.1618
2 0.0273 10 -14.6153
2 0.0023 10 -12.2356
2 0.0441 10 -8.0268
2 0.0228 10 -6.3200
2 0.0006 10 -4.5292
2 0.0090 10 -2.9885
Superpoint 
3 0.0214 15 -36.0001
3 0.0413 15 -31.1575
3 0.0185 15 -30.5511
3 0.0027 15 -26.8942
3 0.0299 15 -24.8482
3 0.0226 15 -23.9513
3 0.0272 15 -19.8284
3 0.0234 15 -18.8806
3 0.0179 15 -15.0873
3 0.0089 15 -12.1296
3 0.0348 15 -10.4667
3 0.0386 15 -4.5654
3 0.0028 15 -2.5385
3 0.0339 15 -1.3806
3 0.0203 15 -0.3939
3 0.0373 15 0.1613
Superpoint 
4 0.0282 20 -43.0001
4 0.0139 20 -39.6463
4 0.0426 20 -37.3143
4 0.0423 20 -36.9332
4 0.0301 20 -34.5884
4 0.0033 20 -34.1793
4 0.0082 20 -30.3962
4 0.0276 20 -28.9372
4 0.0233 20 -22.3178
4 0.0048 20 -20.7579
4 0.0407 20 -19.1668
4 0.0093 20 -18.9576
4 0.0105 20 -18.5060
4 0.0118 20 -13.7995
4 0.0146 20 -7.8842
4 0.0048 20 -7.3619
Superpoint 
5 0.0377 25 -50.0001
5 0.0255 25 -39.8366
5 0.0443 25 -38.2227
5 0.0144 25 -37.2747
5 0.0408 25 -35.4520
5 0.0208 25 -33.2161
5 0.0381 25 -30.5240
5 0.0128 25 -29.0070
5 0.0281 25 -28.5596
5 0.0344 25 -25.9870
5 0.0418 25 -21.7791
5 0.0173 25 -20.8228
5 0.0035 25 -19.2292
5 0.0445 25 -18.1842
5 0.0038 25 -17.0298
5 0.0275 25 -12.5635
Patch 
679671
-26882
-85164
-26882
Superpoint 
1 0.0290 5 -8.5164
1 0.0399 5 -7.4571
1 0.0204 5 -7.4352
1 0.0271 5 -6.6585
1 0.0246 5 -6.4776
1 0.0357 5 -6.4334
1 0.0008 5 -6.3332
1 0.0186 5 -6.0061
1 0.0264 5 -5.4674
1 0.0222 5 -4.5956
1 0.0332 5 -4.2658
1 0.0213 5 -3.9998
1 0.0174 5 -3.5742
1 0.0332 5 -3.5363
1 0.0110 5 -2.7479
1 0.0411 5 -2.6882
Superpoint 
2 0.0441 10 -8.0268
2 0.0228 10 -6.3200
2 0.0006 10 -4.5292
2 0.0090 10 -2.9885
2 0.0053 10 -2.2673
2 0.0187 10 -2.0919
2 0.0037 10 -1.8017
2 0.0091 10 1.0877
2 0.0392 10 2.2852
2 0.0305 10 3.4273
2 0.0058 10 7.5360
2 0.0106 10 8.4920
2 0.0192 10 8.8202
2 0.0017 10 8.9900
2 0.0233 10 9.5295
2 0.0059 10 13.0028
Superpoint 
3 0.0179 15 -15.0873
3 0.0089 15 -12.1296
3 0.0348 15 -10.4667
3 0.0386 15 -4.5654
3 0.0028 15 -2.5385
3 0.0339 15 -1.3806
3 0.0203 15 -0.3939
3 0.0373 15 0.1613
3 0.0347 15 1.3146
3 0.0104 15 3.7657
3 0.0394 15 5.5477
3 0.0380 15 8.0854
3 0.0366 15 12.4944
3 0.0175 15 17.9387
3 0.0090 15 21.2809
3 0.0060 15 23.4641
Superpoint 
4 0.0419 20 7.5691
4 0.0171 20 9.2260
4 0.0406 20 9.8882
4 0.0124 20 12.9695
4 0.0109 20 16.1959
4 0.0189 20 17.3537
4 0.0259 20 18.3618
4 0.0170 20 20.4960
4 0.0360 20 22.7476
4 0.0051 20 25.2604
4 0.0258 20 28.9868
4 0.0282 20 30.2763
4 0.0050 20 31.3355
4 0.0205 20 31.9860
4 0.0243 20 33.7972
4 0.0237 20 37.3688
Superpoint 
5 0.0173 25 -20.8228
5 0.0035 25 -19.2292
5 0.0445 25 -18.1842
5 0.0038 25 -17.0298
5 0.0275 25 -12.5635
5 0.0271 25 -4.5298
5 0.0334 25 -2.0764
5 0.0427 25 4.8527
5 0.0107 25 8.9563
5 0.0027 25 16.7596
5 0.0169 25 21.0135
5 0.0444 25 35.2649
5 0.0251 25 40.4051
5 0.0190 25 45.2831
5 0.0445 25 45.9291
5 0.0377 25 50.0001
Patch 
-85164
-26882
-85164
-1094007
Superpoint 
1 0.0290 5 -8.5164
1 0.0399 5 -7.4571
1 0.0204 5 -7.4352
1 0.0271 5 -6.6585
1 0.0246 5 -6.4776
1 0.0357 5 -6.4334
1 0.0008 5 -6.3332
1 0.0186 5 -6.0061
1 0.0264 5 -5.4674
1 0.0222 5 -4.5956
1 0.0332 5 -4.2658
1 0.0213 5 -3.9998
1 0.0174 5 -3.5742
1 0.0332 5 -3.5363
1 0.0110 5 -2.7479
1 0.0411 5 -2.6882
Superpoint 
2 0.0023 10 -12.2356
2 0.0441 10 -8.0268
2 0.0228 10 -6.3200
2 0.0006 10 -4.5292
2 0.0090 10 -2.9885
2 0.0053 10 -2.2673
2 0.0187 10 -2.0919
2 0.0037 10 -1.8017
2 0.0091 10 1.0877
2 0.0392 10 2.2852
2 0.0305 10 3.4273
2 0.0058 10 7.5360
2 0.0106 10 8.4920
2 0.0192 10 8.8202
2 0.0017 10 8.9900
2 0.0233 10 9.5295
Superpoint 
3 0.0089 15 -12.1296
3 0.0348 15 -10.4667
3 0.0386 15 -4.5654
3 0.0028 15 -2.5385
3 0.0339 15 -1.3806
3 0.0203 15 -0.3939
3 0.0373 15 0.1613
3 0.0347 15 1.3146
3 0.0104 15 3.7657
3 0.0394 15 5.5477
3 0.0380 15 8.0854
3 0.0366 15 12.4944
3 0.0175 15 17.9387
3 0.0090 15 21.2809
3 0.0060 15 23.4641
3 0.0308 15 24.3188
Superpoint 
4 0.0118 20 -13.7995
4 0.0146 20 -7.8842
4 0.0048 20 -7.3619
4 0.0150 20 -7.3349
4 0.0456 20 -3.3124
4 0.0394 20 -2.0685
4 0.0377 20 -0.6032
4 0.0442 20 -0.5583
4 0.0210 20 0.6453
4 0.0203 20 1.1718
4 0.0258 20 1.4551
4 0.0433 20 1.9451
4 0.0219 20 4.2221
4 0.0165 20 4.8793
4 0.0307 20 5.4367
4 0.0419 20 7.5691
Superpoint 
5 0.0173 25 -20.8228
5 0.0035 25 -19.2292
5 0.0445 25 -18.1842
5 0.0038 25 -17.0298
5 0.0275 25 -12.5635
5 0.0271 25 -4.5298
5 0.0334 25 -2.0764
5 0.0427 25 4.8527
5 0.0107 25 8.9563
5 0.0027 25 16.7596
5 0.0169 25 21.0135
5 0.0444 25 35.2649
5 0.0251 25 40.4051
5 0.0190 25 45.2831
5 0.0445 25 45.9291
5 0.0377 25 50.0001
Patch 
0
0
0
0
Superpoint 
1 0.0290 5 -8.5164
1 0.0399 5 -7.4571
1 0.0204 5 -7.4352
1 0.0271 5 -6.6585
1 0.0246 5 -6.4776
1 0.0357 5 -6.4334
1 0.0008 5 -6.3332
1 0.0186 5 -6.0061
1 0.0264 5 -5.4674
1 0.0222 5 -4.5956
1 0.0332 5 -4.2658
1 0.0213 5 -3.9998
1 0.0174 5 -3.5742
1 0.0332 5 -3.5363
1 0.0110 5 -2.7479
1 0.0411 5 -2.6882
Superpoint 
2 0.0004 10 -29.0001
2 0.0188 10 -28.3644
2 0.0359 10 -26.7947
2 0.0276 10 -26.3994
2 0.0262 10 -26.0953
2 0.0386 10 -23.9491
2 0.0350 10 -23.2679
2 0.0168 10 -18.7752
2 0.0195 10 -16.5424
2 0.0065 10 -15.9853
2 0.0289 10 -15.1618
2 0.0273 10 -14.6153
2 0.0023 10 -12.2356
2 0.0441 10 -8.0268
2 0.0228 10 -6.3200
2 0.0006 10 -4.5292
Superpoint 
3 0.0214 15 -36.0001
3 0.0413 15 -31.1575
3 0.0185 15 -30.5511
3 0.0027 15 -26.8942
3 0.0299 15 -24.8482
3 0.0226 15 -23.9513
3 0.0272 15 -19.8284
3 0.0234 15 -18.8806
3 0.0179 15 -15.0873
3 0.0089 15 -12.1296
3 0.0348 15 -10.4667
3 0.0386 15 -4.5654
3 0.0028 15 -2.5385
3 0.0339 15 -1.3806
3 0.0203 15 -0.3939
3 0.0373 15 0.1613
Superpoint 
4 0.0282 20 -43.0001
4 0.0139 20 -39.6463
4 0.0426 20 -37.3143
4 0.0423 20 -36.9332
4 0.0301 20 -34.5884
4 0.0033 20 -34.1793
4 0.0082 20 -30.3962
4 0.0276 20 -28.9372
4 0.0233 20 -22.3178
4 0.0048 20 -20.7579
4 0.0407 20 -19.1668
4 0.0093 20 -18.9576
4 0.0105 20 -18.5060
4 0.0118 20 -13.7995
4 0.0146 20 -7.8842
4 0.0048 20 -7.3619
Superpoint 
5 0.0377 25 -50.0001
5 0.0255 25 -39.8366
5 0.0443 25 -38.2227
5 0.0144 25 -37.2747
5 0.0408 25 -35.4520
5 0.0208 25 -33.2161
5 0.0381 25 -30.5240
5 0.0128 25 -29.0070
5 0.0281 25 -28.5596
5 0.0344 25 -25.9870
5 0.0418 25 -21.7791
5 0.0173 25 -20.8228
5 0.0035 25 -19.2292
5 0.0445 25 -18.1842
5 0.0038 25 -17.0298
5 0.0275 25 -12.5635
Patch 
824847
-85164
-204507
-85164
Superpoint 
1 0.0252 5 -20.4507
1 0.0337 5 -19.2399
1 0.0321 5 -18.0206
1 0.0151 5 -16.4951
1 0.0095 5 -15.9531
1 0.0452 5 -15.8746
1 0.0328 5 -15.8146
1 0.0008 5 -14.7833
1 0.0434 5 -14.3321
1 0.0359 5 -14.1717
1 0.0041 5 -14.1255
1 0.0447 5 -13.6652
1 0.0475 5 -12.5105
1 0.0328 5 -10.4655
1 0.0288 5 -9.5746
1 0.0290 5 -8.5164
Superpoint 
2 0.0262 10 -26.0953
2 0.0386 10 -23.9491
2 0.0350 10 -23.2679
2 0.0168 10 -18.7752
2 0.0195 10 -16.5424
2 0.0065 10 -15.9853
2 0.0289 10 -15.1618
2 0.0273 10 -14.6153
2 0.0023 10 -12.2356
2 0.0441 10 -8.0268
2 0.0228 10 -6.3200
2 0.0006 10 -4.5292
2 0.0090 10 -2.9885
2 0.0053 10 -2.2673
2 0.0187 10 -2.0919
2 0.0037 10 -1.8017
Superpoint 
3 0.0027 15 -26.8942
3 0.0299 15 -24.8482
3 0.0226 15 -23.9513
3 0.0272 15 -19.8284
3 0.0234 15 -18.8806
3 0.0179 15 -15.0873
3 0.0089 15 -12.1296
3 0.0348 15 -10.4667
3 0.0386 15 -4.5654
3 0.0028 15 -2.5385
3 0.0339 15 -1.3806
3 0.0203 15 -0.3939
3 0.0373 15 0.1613
3 0.0347 15 1.3146
3 0.0104 15 3.7657
3 0.0394 15 5.5477
Superpoint 
4 0.0150 20 -7.3349
4 0.0456 20 -3.3124
4 0.0394 20 -2.0685
4 0.0377 20 -0.6032
4 0.0442 20 -0.5583
4 0.0210 20 0.6453
4 0.0203 20 1.1718
4 0.0258 20 1.4551
4 0.0433 20 1.9451
4 0.0219 20 4.2221
4 0.0165 20 4.8793
4 0.0307 20 5.4367
4 0.0419 20 7.5691
4 0.0171 20 9.2260
4 0.0406 20 9.8882
4 0.0124 20 12.9695
Superpoint 
5 0.0381 25 -30.5240
5 0.0128 25 -29.0070
5 0.0281 25 -28.5596
5 0.0344 25 -25.9870
5 0.0418 25 -21.7791
5 0.0173 25 -20.8228
5 0.0035 25 -19.2292
5 0.0445 25 -18.1842
5 0.0038 25 -17.0298
5 0.0275 25 -12.5635
5 0.0271 25 -4.5298
5 0.0334 25 -2.0764
5 0.0427 25 4.8527
5 0.0107 25 8.9563
5 0.0027 25 16.7596
5 0.0169 25 21.0135
Patch 
-204507
-85164
-204507
-544874
Superpoint 
1 0.0252 5 -20.4507
1 0.0337 5 -19.2399
1 0.0321 5 -18.0206
1 0.0151 5 -16.4951
1 0.0095 5 -15.9531
1 0.0452 5 -15.8746
1 0.0328 5 -15.8146
1 0.0008 5 -14.7833
1 0.0434 5 -14.3321
1 0.0359 5 -14.1717
1 0.0041 5 -14.1255
1 0.0447 5 -13.6652
1 0.0475 5 -12.5105
1 0.0328 5 -10.4655
1 0.0288 5 -9.5746
1 0.0290 5 -8.5164
Superpoint 
2 0.0262 10 -26.0953
2 0.0386 10 -23.9491
2 0.0350 10 -23.2679
2 0.0168 10 -18.7752
2 0.0195 10 -16.5424
2 0.0065 10 -15.9853
2 0.0289 10 -15.1618
2 0.0273 10 -14.6153
2 0.0023 10 -12.2356
2 0.0441 10 -8.0268
2 0.0228 10 -6.3200
2 0.0006 10 -4.5292
2 0.0090 10 -2.9885
2 0.0053 10 -2.2673
2 0.0187 10 -2.0919
2 0.0037 10 -1.8017
Superpoint 
3 0.0185 15 -30.5511
3 0.0027 15 -26.8942
3 0.0299 15 -24.8482
3 0.0226 15 -23.9513
3 0.0272 15 -19.8284
3 0.0234 15 -18.8806
3 0.0179 15 -15.0873
3 0.0089 15 -12.1296
3 0.0348 15 -10.4667
3 0.0386 15 -4.5654
3 0.0028 15 -2.5385
3 0.0339 15 -1.3806
3 0.0203 15 -0.3939
3 0.0373 15 0.1613
3 0.0347 15 1.3146
3 0.0104 15 3.7657
Superpoint 
4 0.0033 20 -34.1793
4 0.0082 20 -30.3962
4 0.0276 20 -28.9372
4 0.0233 20 -22.3178
4 0.0048 20 -20.7579
4 0.0407 20 -19.1668
4 0.0093 20 -18.9576
4 0.0105 20 -18.5060
4 0.0118 20 -13.7995
4 0.0146 20 -7.8842
4 0.0048 20 -7.3619
4 0.0150 20 -7.3349
4 0.0456 20 -3.3124
4 0.0394 20 -2.0685
4 0.0377 20 -0.6032
4 0.0442 20 -0.5583
Superpoint 
5 0.0144 25 -37.2747
5 0.0408 25 -35.4520
5 0.0208 25 -33.2161
5 0.0381 25 -30.5240
5 0.0128 25 -29.0070
5 0.0281 25 -28.5596
5 0.0344 25 -25.9870
5 0.0418 25 -21.7791
5 0.0173 25 -20.8228
5 0.0035 25 -19.2292
5 0.0445 25 -18.1842
5 0.0038 25 -17.0298
5 0.0275 25 -12.5635
5 0.0271 25 -4.5298
5 0.0334 25 -2.0764
5 0.0427 25 4.8527
Patch 
0
0
0
0
Superpoint 
1 0.0252 5 -20.4507
1 0.0337 5 -19.2399
1 0.0321 5 -18.0206
1 0.0151 5 -16.4951
1 0.0095 5 -15.9531
1 0.0452 5 -15.8746
1 0.0328 5 -15.8146
1 0.0008 5 -14.7833
1 0.0434 5 -14.3321
1 0.0359 5 -14.1717
1 0.0041 5 -14.1255
1 0.0447 5 -13.6652
1 0.0475 5 -12.5105
1 0.0328 5 -10.4655
1 0.0288 5 -9.5746
1 0.0290 5 -8.5164
Superpoint 
2 0.0004 10 -29.0001
2 0.0188 10 -28.3644
2 0.0359 10 -26.7947
2 0.0276 10 -26.3994
2 0.0262 10 -26.0953
2 0.0386 10 -23.9491
2 0.0350 10 -23.2679
2 0.0168 10 -18.7752
2 0.0195 10 -16.5424
2 0.0065 10 -15.9853
2 0.0289 10 -15.1618
2 0.0273 10 -14.6153
2 0.0023 10 -12.2356
2 0.0441 10 -8.0268
2 0.0228 10 -6.3200
2 0.0006 10 -4.5292
Superpoint 
3 0.0214 15 -36.0001
3 0.0413 15 -31.1575
3 0.0185 15 -30.5511
3 0.0027 15 -26.8942
3 0.0299 15 -24.8482
3 0.0226 15 -23.9513
3 0.0272 15 -19.8284
3 0.0234 15 -18.8806
3 0.0179 15 -15.0873
3 0.0089 15 -12.1296
3 0.0348 15 -10.4667
3 0.0386 15 -4.5654
3 0.0028 15 -2.5385
3 0.0339 15 -1.3806
3 0.0203 15 -0.3939
3 0.0373 15 0.1613
Superpoint 
4 0.0282 20 -43.0001
4 0.0139 20 -39.6463
4 0.0426 20 -37.3143
4 0.0423 20 -36.9332
4 0.0301 20 -34.5884
4 0.0033 20 -34.1793
4 0.0082 20 -30.3962
4 0.0276 20 -28.9372
4 0.0233 20 -22.3178
4 0.0048 20 -20.7579
4 0.0407 20 -19.1668
4 0.0093 20 -18.9576
4 0.0105 20 -18.5060
4 0.0118 20 -13.7995
4 0.0146 20 -7.8842
4 0.0048 20 -7.3619
Superpoint 
5 0.0377 25 -50.0001
5 0.0255 25 -39.8366
5 0.0443 25 -38.2227
5 0.0144 25 -37.2747
5 0.0408 25 -35.4520
5 0.0208 25 -33.2161
5 0.0381 25 -30.5240
5 0.0128 25 -29.0070
5 0.0281 25 -28.5596
5 0.0344 25 -25.9870
5 0.0418 25 -21.7791
5 0.0173 25 -20.8228
5 0.0035 25 -19.2292
5 0.0445 25 -18.1842
5 0.0038 25 -17.0298
5 0.0275 25 -12.5635
Patch 
0
0
0
0
Superpoint 
1 0.0030 5 -22.0001
1 0.0333 5 -21.4869
1 0.0474 5 -20.5678
1 0.0252 5 -20.4507
1 0.0337 5 -19.2399
1 0.0321 5 -18.0206
1 0.0151 5 -16.4951
1 0.0095 5 -15.9531
1 0.0452 5 -15.8746
1 0.0328 5 -15.8146
1 0.0008 5 -14.7833
1 0.0434 5 -14.3321
1 0.0359 5 -14.1717
1 0.0041 5 -14.1255
1 0.0447 5 -13.6652
1 0.0475 5 -12.5105
Superpoint 
2 0.0004 10 -29.0001
2 0.0188 10 -28.3644
2 0.0359 10 -26.7947
2 0.0276 10 -26.3994
2 0.0262 10 -26.0953
2 0.0386 10 -23.9491
2 0.0350 10 -23.2679
2 0.0168 10 -18.7752
2 0.0195 10 -16.5424
2 0.0065 10 -15.9853
2 0.0289 10 -15.1618
2 0.0273 10 -14.6153
2 0.0023 10 -12.2356
2 0.0441 10 -8.0268
2 0.0228 10 -6.3200
2 0.0006 10 -4.5292
Superpoint 
3 0.0214 15 -36.0001
3 0.0413 15 -31.1575
3 0.0185 15 -30.5511
3 0.0027 15 -26.8942
3 0.0299 15 -24.8482
3 0.0226 15 -23.9513
3 0.0272 15 -19.8284
3 0.0234 15 -18.8806
3 0.0179 15 -15.0873
3 0.0089 15 -12.1296
3 0.0348 15 -10.4667
3 0.0386 15 -4.5654
3 0.0028 15 -2.5385
3 0.0339 15 -1.3806
3 0.0203 15 -0.3939
3 0.0373 15 0.1613
Superpoint 
4 0.0282 20 -43.0001
4 0.0139 20 -39.6463
4 0.0426 20 -37.3143
4 0.0423 20 -36.9332
4 0.0301 20 -34.5884
4 0.0033 20 -34.1793
4 0.0082 20 -30.3962
4 0.0276 20 -28.9372
4 0.0233 20 -22.3178
4 0.0048 20 -20.7579
4 0.0407 20 -19.1668
4 0.0093 20 -18.9576
4 0.0105 20 -18.5060
4 0.0118 20 -13.7995
4 0.0146 20 -7.8842
4 0.0048 20 -7.3619
Superpoint 
5 0.0377 25 -50.0001
5 0.0255 25 -39.8366
5 0.0443 25 -38.2227
5 0.0144 25 -37.2747
5 0.0408 25 -35.4520
5 0.0208 25 -33.2161
5 0.0381 25 -30.5240
5 0.0128 25 -29.0070
5 0.0281 25 -28.5596
5 0.0344 25 -25.9870
5 0.0418 25 -21.7791
5 0.0173 25 -20.8228
5 0.0035 25 -19.2292
5 0.0445 25 -18.1842
5 0.0038 25 -17.0298
5 0.0275 25 -12.5635
[77575, 500001]
[220001, 500001]
[77575, 218966]
[220001, 171490]

[77575, 218966]
[220001, 171490]
[77575, -33901]
[220001, -81376]

[77575, -20764]
[220001, -20764]
[77575, -281416]
[220001, -328891]

[-26882, 500001]
[77575, 500001]
[-26882, 181887]
[77575, 147068]

[-26882, 181887]
[77575, 147068]
[-26882, -88838]
[77575, -123657]

[-26882, -45298]
[77575, -74349]
[-26882, -398366]
[77575, -398366]

[-26882, -125635]
[77575, -352267]
[-26882, -500001]
[77575, -500001]

[-85164, 500001]
[-26882, 496164]
[-85164, 129310]
[-26882, 109883]

[-85164, 129310]
[-26882, 109883]
[-85164, -155605]
[-26882, -175033]

[-85164, -125635]
[-26882, -125635]
[-85164, -500001]
[-26882, -500001]

[-204507, 210135]
[-85164, 183422]
[-204507, -29629]
[-85164, -69410]

[-204507, 48527]
[-85164, 20943]
[-204507, -372747]
[-85164, -372747]

[-204507, -125635]
[-85164, -125635]
[-204507, -500001]
[-85164, -500001]

[-220001, -125635]
[-125105, -125635]
[-220001, -500001]
[-125105, -500001]

